# Created by Octave 7.1.0, Fri Dec 29 14:15:36 2023 GMT <unknown@CIM-IN-7Y119K3>
# name: ndataseq01060216
# type: matrix
# rows: 1000
# columns: 5
 1 1 1 7015.5855605691504 5977.3761753240997
 1 2 1 6236.3333032344099 4751.9690235792104
 1 3 1 6238.20591977598 5733.1332409787501
 1 4 1 5897.1498919898504 4807.6903082260096
 1 5 1 5839.4704113386097 5032.0691856056101
 1 6 1 5811.6610678982597 5071.5203552381799
 1 7 1 6337.1766887337299 5602.1969100002498
 1 8 1 6120.2846050858298 4714.3250462870701
 1 9 1 5032.5672064016298 6336.0474130935099
 1 10 1 5359.9320867480501 4652.5514905800601
 1 11 1 4668.9400250495501 4326.4182698268196
 1 12 1 6213.81426440218 6385.3288540718104
 1 13 1 6151.7907473626801 4327.4663790743698
 1 14 1 4610.0178404544704 5352.5867771758803
 1 15 1 5699.7622360194 5342.8492156781704
 1 16 1 6518.2561454755396 4948.77773258448
 1 17 1 6908.6346495694497 6104.7145853653001
 1 18 1 6054.8422054901002 5222.6489345939999
 1 19 1 6147.8942696896502 6359.6392121341996
 1 20 1 5163.3911103190703 4516.7269967729098
 1 21 1 5563.6533657179698 4984.9566388155399
 1 22 1 6277.2174167849698 5101.43988956666
 1 23 1 4803.9386967423497 4387.6214644060501
 1 24 1 5926.6277629566903 5068.8926572289602
 1 25 1 6494.3324952501498 6238.3563179165103
 1 26 1 5120.5670497186602 6282.34164958566
 1 27 1 7402.9915243920404 5546.9002287471903
 1 28 1 6933.4936561753302 5687.4702449240303
 1 29 1 5928.94872796033 6610.2442301760402
 1 30 1 6505.2955247707296 5931.6528410945502
 1 31 1 5845.0335611999599 5471.2263573586097
 1 32 1 5391.4576865007102 4726.3100138340396
 1 33 1 5860.5639702072203 4964.6962740137697
 1 34 1 6047.6808660890201 4969.0636034895097
 1 35 1 4483.7012889032703 4606.8710322657998
 1 36 1 6381.1376973672304 4921.0428905005801
 1 37 1 6384.1449651080102 4624.1632302579601
 1 38 1 6094.2588316045303 6844.27791007207
 1 39 1 4798.8253091631104 5095.7748959775799
 1 40 1 5399.2348833636997 4523.0244140292598
 1 41 1 5806.2286346527399 4028.7199097591601
 1 42 1 6964.1132168557497 6497.3278183515004
 1 43 1 6228.8653974157796 4890.4014820155098
 1 44 1 5110.9746698643903 5475.4410413673104
 1 45 1 6707.7035658637396 4550.0269038678698
 1 46 1 6064.9004743733203 4587.8794741143902
 1 47 1 6993.8519272010999 5233.1522073855604
 1 48 1 5847.7224533700401 4749.7700425023004
 1 49 1 6591.1914717078598 6109.53214103542
 1 50 1 6469.0099760662897 4987.9239069865898
 1 51 1 5414.0260150428603 6365.2415663072397
 1 52 1 6071.2281688169096 5116.9670474824397
 1 53 1 5451.7354829128699 5236.5848675756497
 1 54 1 5787.8306293764799 4114.61442349146
 1 55 1 6015.48695671321 4785.6829141533899
 1 56 1 6626.1002976522404 7212.6315868804104
 1 57 1 5780.0217998526596 5734.2071155679496
 1 58 1 5753.1960114181502 6043.9832887471403
 1 59 1 5078.5139979189598 5235.4059331673598
 1 60 1 5199.3318095990799 5628.7280175025398
 1 61 1 5230.7882114277299 6370.6142190835599
 1 62 1 5786.5679815508001 5293.5445427351997
 1 63 1 4974.8958263008299 5166.9822408334103
 1 64 1 6314.0364470457498 4732.0965939122298
 1 65 1 6249.0335499748699 5481.0533252439
 1 66 1 5432.9851338265398 6851.9059766034798
 1 67 1 7024.5666878383799 5465.6247549918198
 1 68 1 6368.92455155279 4810.8049480746204
 1 69 1 5907.3832744328802 4599.9666242171197
 1 70 1 5287.6923719290398 4635.4110997074904
 1 71 1 6797.5947911498497 4366.0592833014598
 1 72 1 5782.6219068646596 4907.6978918389505
 1 73 1 7038.1473236092297 4060.8287733510301
 1 74 1 6482.5840159262298 4925.5144179358804
 1 75 1 5279.9018416647205 5658.5701393663403
 1 76 1 6311.4793846833099 6332.8660776284196
 1 77 1 6179.0849425638098 4394.5252874363396
 1 78 1 7782.50776417011 6223.9935364286303
 1 79 1 6477.0059451348097 5088.8201143646302
 1 80 1 6225.52128700704 5444.4734138110698
 1 81 1 6638.5758848343003 4445.9542361179101
 1 82 1 5212.1037766373001 5781.7402911455001
 1 83 1 6462.1877613558199 7298.4655814665502
 1 84 1 6071.6829510751504 4106.5916700427197
 1 85 1 6395.1546667130497 5400.2012768079703
 1 86 1 7226.2052130223201 5156.7722352356004
 1 87 1 6916.78905339216 5104.8204136547702
 1 88 1 6249.1886598227102 4474.0800264947902
 1 89 1 5413.2653696822199 6101.0785134980197
 1 90 1 6205.55073426534 6735.1525382578902
 1 91 1 6498.78364629108 5809.0728234788103
 1 92 1 6394.3762397702503 5366.8472242047701
 1 93 1 4754.4619737884104 5919.5383275998702
 1 94 1 6398.8911183618602 6052.2231750769697
 1 95 1 5744.8899049694201 4724.0389711093503
 1 96 1 6298.6351821794597 5129.6460909972402
 1 97 1 6757.1770929337299 4433.3508521123504
 1 98 1 5692.1949526586504 5714.8673387569897
 1 99 1 5679.8101116624102 4821.2961819339498
 1 100 1 6328.4172784798002 7061.4435226436299
 1 101 1 7402.3732507941804 4011.95693039655
 1 102 1 5623.1364011510695 4035.20608242344
 1 103 1 5615.7659456288202 5042.9872427382898
 1 104 1 7160.8546260656003 6036.0742096056101
 1 105 1 5958.27476992634 4664.81156091712
 1 106 1 6430.8743436038403 6746.7286518604897
 1 107 1 6215.9160793814399 7225.6238814373201
 1 108 1 6696.3057601455002 5442.9794635417102
 1 109 1 6940.6554308022596 4963.4419414920603
 1 110 1 5762.1634632799196 4268.3584347997303
 1 111 1 4937.6738538719401 4326.9829269752599
 1 112 1 7182.7853006527603 4748.6814827048402
 1 113 1 7436.0781420159601 5791.4870206690202
 1 114 1 4152.8787081819 4813.0855453706599
 1 115 1 6181.7650001984703 5743.97946726795
 1 116 1 4815.2822548431204 5312.2785629475202
 1 117 1 6248.63802454714 7336.1664980463702
 1 118 1 5482.0924904064204 5705.9774980021302
 1 119 1 6408.6441581807203 6192.8232615832303
 1 120 1 6423.6949028954496 4683.0307965432703
 1 121 1 5072.2436194834099 6438.7973803824298
 1 122 1 5635.0620814867098 5166.95823251818
 1 123 1 6400.5901819958299 4208.2381100295797
 1 124 1 4334.3136990258899 5430.8308218184302
 1 125 1 6381.02280383174 5642.7434361059604
 1 126 1 7116.5220066967204 4036.3993920009998
 1 127 1 5749.1609998261802 5988.8822751029602
 1 128 1 4719.1986823437301 5256.6736099474701
 1 129 1 5960.19366046088 4853.46619459052
 1 130 1 4856.4654977215896 7804.7736688552804
 1 131 1 4420.8410918115296 6449.4886520485697
 1 132 1 7288.4935145068202 5069.2313334197597
 1 133 1 5066.1909877852604 5306.0465578703197
 1 134 1 5276.7647843108898 4469.4552810636696
 1 135 1 4769.1345439955603 5333.2994845126696
 1 136 1 7253.0339196554896 5481.2391478524296
 1 137 1 6274.1718428920603 6433.1063220119004
 1 138 1 6141.75046037021 5234.6052254681699
 1 139 1 5354.5724217009401 4024.04738334985
 1 140 1 4081.7542631548299 5556.5961324459204
 1 141 1 5127.89503221614 4948.59527110421
 1 142 1 6829.8575717849199 5317.8966062913296
 1 143 1 6119.8682569689299 5530.2539243928804
 1 144 1 7112.7579147264596 5866.9549711089003
 1 145 1 6595.3374183359701 4830.9333171830503
 1 146 1 6107.3058708809804 5028.7397815921504
 1 147 1 5723.1137107757804 5179.9260889746702
 1 148 1 6473.2079601646801 5694.3038655475902
 1 149 1 6635.8850631806999 5670.64529343701
 1 150 1 6820.5259091395001 4598.74995652287
 1 151 1 6176.4172911349797 4481.9966844215596
 1 152 1 6441.4905275641104 5766.2196759882099
 1 153 1 5506.7992510496397 7606.1565173053996
 1 154 1 5523.5374400047003 5634.1800969062397
 1 155 1 4721.73440642065 5865.3761643551597
 1 156 1 5378.7343019724203 4315.0705881413096
 1 157 1 5488.6467133530105 4752.4390453341102
 1 158 1 6556.4639876084702 4385.7656088067697
 1 159 1 5149.7416212196003 5666.2141021122898
 1 160 1 5518.7624118613203 5192.0757536127503
 1 161 1 5960.9627489137602 4482.7157090998298
 1 162 1 6400.0658330373599 5004.0427321145198
 1 163 1 6845.3108133601399 4397.2055368605297
 1 164 1 6231.3338623846403 4754.7192447348798
 1 165 1 5524.9453958516497 5124.41425518706
 1 166 1 5788.48476877753 5024.4426266273003
 1 167 1 4938.0616422141802 5693.5120847092803
 1 168 1 7420.3845866830397 5394.2820857024099
 1 169 1 5317.3411806692202 4953.4825769885301
 1 170 1 5993.6133999894 5343.1749476081905
 1 171 1 7480.1399907943896 4494.089737798
